-1 1 0 -1 1 1 -3 -1 6 1 -10 -1 15
-0.98 1 0 -0.98 1 0.9406 -2.94 -0.88298 5.703 0.808861 -9.12086 -0.720446 12.9827
-0.96 1 0 -0.96 1 0.8824 -2.88 -0.77184 5.412 0.634891 -8.28288 -0.47962 11.126
-0.94 1 0 -0.94 1 0.8254 -2.82 -0.66646 5.127 0.477277 -7.48522 -0.274384 9.42249
-0.92 1 0 -0.92 1 0.7696 -2.76 -0.56672 4.848 0.335219 -6.72704 -0.101747 7.86497
-0.9 1 0 -0.9 1 0.715 -2.7 -0.4725 4.575 0.207937 -6.0075 0.0411413 6.44644
-0.88 1 0 -0.88 1 0.6616 -2.64 -0.38368 4.308 0.0946672 -5.32576 0.156991 5.16
-0.86 1 0 -0.86 1 0.6094 -2.58 -0.30014 4.047 -0.0053393 -4.68098 0.248377 3.99895
-0.84 1 0 -0.84 1 0.5584 -2.52 -0.22176 3.792 -0.0928128 -4.07232 0.317741 2.95668
-0.82 1 0 -0.82 1 0.5086 -2.46 -0.14842 3.543 -0.168467 -3.49894 0.367394 2.02679
-0.8 1 0 -0.8 1 0.46 -2.4 -0.08 3.3 -0.233 -2.96 0.39952 1.203
-0.78 1 0 -0.78 1 0.4126 -2.34 -0.01638 3.063 -0.287091 -2.45466 0.41618 0.479178
-0.76 1 0 -0.76 1 0.3664 -2.28 0.04256 2.832 -0.331405 -1.98208 0.419314 -0.150643
-0.74 1 0 -0.74 1 0.3214 -2.22 0.09694 2.607 -0.366587 -1.54142 0.410742 -0.692286
-0.72 1 0 -0.72 1 0.2776 -2.16 0.14688 2.388 -0.393269 -1.13184 0.392172 -1.15142
-0.7 1 0 -0.7 1 0.235 -2.1 0.1925 2.175 -0.412063 -0.7525 0.365199 -1.53356
-0.68 1 0 -0.68 1 0.1936 -2.04 0.23392 1.968 -0.423565 -0.40256 0.331307 -1.84408
-0.66 1 0 -0.66 1 0.1534 -1.98 0.27126 1.767 -0.428355 -0.08118 0.291878 -2.0882
-0.64 1 0 -0.64 1 0.1144 -1.92 0.30464 1.572 -0.426997 0.21248 0.248188 -2.27097
-0.62 1 0 -0.62 1 0.0766 -1.86 0.33418 1.383 -0.420035 0.47926 0.201415 -2.39732
-0.6 1 0 -0.6 1 0.04 -1.8 0.36 1.2 -0.408 0.72 0.15264 -2.472
-0.58 1 0 -0.58 1 0.0046 -1.74 0.38222 1.023 -0.391403 0.93554 0.102849 -2.49963
-0.56 1 0 -0.56 1 -0.0296 -1.68 0.40096 0.852 -0.370741 1.12672 0.0529387 -2.48467
-0.54 1 0 -0.54 1 -0.0626 -1.62 0.41634 0.687 -0.346491 1.29438 0.00371754 -2.43142
-0.52 1 0 -0.52 1 -0.0944 -1.56 0.42848 0.528 -0.319117 1.43936 -0.0440907 -2.34405
-0.5 1 0 -0.5 1 -0.125 -1.5 0.4375 0.375 -0.289062 1.5625 -0.0898438 -2.22656
-0.48 1 0 -0.48 1 -0.1544 -1.44 0.44352 0.228 -0.256757 1.66464 -0.132978 -2.08281
-0.46 1 0 -0.46 1 -0.1826 -1.38 0.44666 0.087 -0.222611 1.74662 -0.173006 -1.9165
-0.44 1 0 -0.44 1 -0.2096 -1.32 0.44704 -0.048 -0.187021 1.80928 -0.209512 -1.73119
-0.42 1 0 -0.42 1 -0.2354 -1.26 0.44478 -0.177 -0.150363 1.85346 -0.242149 -1.53027
-0.4 1 0 -0.4 1 -0.26 -1.2 0.44 -0.3 -0.113 1.88 -0.27064 -1.317
-0.38 1 0 -0.38 1 -0.2834 -1.14 0.43282 -0.417 -0.0752753 1.88974 -0.294768 -1.09448
-0.36 1 0 -0.36 1 -0.3056 -1.08 0.42336 -0.528 -0.0375168 1.88352 -0.314377 -0.865651
-0.34 1 0 -0.34 1 -0.3266 -1.02 0.41174 -0.633 -3.53e-05 1.86218 -0.32937 -0.633318
-0.32 1 0 -0.32 1 -0.3464 -0.96 0.39808 -0.732 0.0368752 1.82656 -0.339704 -0.400123
-0.3 1 0 -0.3 1 -0.365 -0.9 0.3825 -0.825 0.0729375 1.7775 -0.345386 -0.168562
-0.28 1 0 -0.28 1 -0.3824 -0.84 0.36512 -0.912 0.107891 1.71584 -0.346473 0.0590208
-0.26 1 0 -0.26 1 -0.3986 -0.78 0.34606 -0.993 0.141493 1.64242 -0.343067 0.280434
-0.24 1 0 -0.24 1 -0.4136 -0.72 0.32544 -1.068 0.173515 1.55808 -0.335311 0.493637
-0.22 1 0 -0.22 1 -0.4274 -0.66 0.30338 -1.137 0.203749 1.46366 -0.323388 0.696738
-0.2 1 0 -0.2 1 -0.44 -0.6 0.28 -1.2 0.232 1.36 -0.30752 0.888
-0.18 1 0 -0.18 1 -0.4514 -0.54 0.25542 -1.257 0.258093 1.24794 -0.287958 1.06583
-0.16 1 0 -0.16 1 -0.4616 -0.48 0.22976 -1.308 0.281867 1.12832 -0.264986 1.2288
-0.14 1 0 -0.14 1 -0.4706 -0.42 0.20314 -1.353 0.303181 1.00198 -0.238914 1.37563
-0.12 1 0 -0.12 1 -0.4784 -0.36 0.17568 -1.392 0.321907 0.86976 -0.210076 1.50516
-0.1 1 0 -0.1 1 -0.485 -0.3 0.1475 -1.425 0.337938 0.7325 -0.178829 1.61644
-0.08 1 0 -0.08 1 -0.4904 -0.24 0.11872 -1.452 0.351179 0.59104 -0.145546 1.70861
-0.06 1 0 -0.06 1 -0.4946 -0.18 0.08946 -1.473 0.361557 0.44622 -0.110616 1.78101
-0.04 1 0 -0.04 1 -0.4976 -0.12 0.05984 -1.488 0.369011 0.29888 -0.0744408 1.8331
-0.02 1 0 -0.02 1 -0.4994 -0.06 0.02998 -1.497 0.373501 0.14986 -0.03743 1.86451
6.17562e-16 1 0 6.17562e-16 1 -0.5 1.85268e-15 -9.26342e-16 -1.5 0.375 -4.63171e-15 1.15793e-15 1.875
0.02 1 0 0.02 1 -0.4994 0.06 -0.02998 -1.497 0.373501 -0.14986 0.03743 1.86451
0.04 1 0 0.04 1 -0.4976 0.12 -0.05984 -1.488 0.369011 -0.29888 0.0744408 1.8331
0.06 1 0 0.06 1 -0.4946 0.18 -0.08946 -1.473 0.361557 -0.44622 0.110616 1.78101
0.08 1 0 0.08 1 -0.4904 0.24 -0.11872 -1.452 0.351179 -0.59104 0.145546 1.70861
0.1 1 0 0.1 1 -0.485 0.3 -0.1475 -1.425 0.337937 -0.7325 0.178829 1.61644
0.12 1 0 0.12 1 -0.4784 0.36 -0.17568 -1.392 0.321907 -0.86976 0.210076 1.50516
0.14 1 0 0.14 1 -0.4706 0.42 -0.20314 -1.353 0.303181 -1.00198 0.238914 1.37563
0.16 1 0 0.16 1 -0.4616 0.48 -0.22976 -1.308 0.281867 -1.12832 0.264986 1.2288
0.18 1 0 0.18 1 -0.4514 0.54 -0.25542 -1.257 0.258093 -1.24794 0.287958 1.06583
0.2 1 0 0.2 1 -0.44 0.6 -0.28 -1.2 0.232 -1.36 0.30752 0.888
0.22 1 0 0.22 1 -0.4274 0.66 -0.30338 -1.137 0.203749 -1.46366 0.323388 0.696738
0.24 1 0 0.24 1 -0.4136 0.72 -0.32544 -1.068 0.173515 -1.55808 0.335311 0.493637
0.26 1 0 0.26 1 -0.3986 0.78 -0.34606 -0.993 0.141493 -1.64242 0.343067 0.280434
0.28 1 0 0.28 1 -0.3824 0.84 -0.36512 -0.912 0.107891 -1.71584 0.346473 0.0590208
0.3 1 0 0.3 1 -0.365 0.9 -0.3825 -0.825 0.0729375 -1.7775 0.345386 -0.168563
0.32 1 0 0.32 1 -0.3464 0.96 -0.39808 -0.732 0.0368752 -1.82656 0.339704 -0.400123
0.34 1 0 0.34 1 -0.3266 1.02 -0.41174 -0.633 -3.53e-05 -1.86218 0.32937 -0.633318
0.36 1 0 0.36 1 -0.3056 1.08 -0.42336 -0.528 -0.0375168 -1.88352 0.314377 -0.865651
0.38 1 0 0.38 1 -0.2834 1.14 -0.43282 -0.417 -0.0752753 -1.88974 0.294768 -1.09448
0.4 1 0 0.4 1 -0.26 1.2 -0.44 -0.3 -0.113 -1.88 0.27064 -1.317
0.42 1 0 0.42 1 -0.2354 1.26 -0.44478 -0.177 -0.150363 -1.85346 0.242149 -1.53027
0.44 1 0 0.44 1 -0.2096 1.32 -0.44704 -0.048 -0.187021 -1.80928 0.209512 -1.73119
0.46 1 0 0.46 1 -0.1826 1.38 -0.44666 0.087 -0.222611 -1.74662 0.173006 -1.9165
0.48 1 0 0.48 1 -0.1544 1.44 -0.44352 0.228 -0.256757 -1.66464 0.132978 -2.08281
0.5 1 0 0.5 1 -0.125 1.5 -0.4375 0.375 -0.289063 -1.5625 0.0898437 -2.22656
0.52 1 0 0.52 1 -0.0944 1.56 -0.42848 0.528 -0.319117 -1.43936 0.0440907 -2.34405
0.54 1 0 0.54 1 -0.0626 1.62 -0.41634 0.687 -0.346491 -1.29438 -0.00371754 -2.43142
0.56 1 0 0.56 1 -0.0296 1.68 -0.40096 0.852 -0.370741 -1.12672 -0.0529387 -2.48467
0.58 1 0 0.58 1 0.0046 1.74 -0.38222 1.023 -0.391403 -0.93554 -0.102849 -2.49963
0.6 1 0 0.6 1 0.04 1.8 -0.36 1.2 -0.408 -0.72 -0.15264 -2.472
0.62 1 0 0.62 1 0.0766 1.86 -0.33418 1.383 -0.420035 -0.47926 -0.201415 -2.39732
0.64 1 0 0.64 1 0.1144 1.92 -0.30464 1.572 -0.426997 -0.21248 -0.248188 -2.27097
0.66 1 0 0.66 1 0.1534 1.98 -0.27126 1.767 -0.428355 0.08118 -0.291878 -2.0882
0.68 1 0 0.68 1 0.1936 2.04 -0.23392 1.968 -0.423565 0.40256 -0.331307 -1.84408
0.7 1 0 0.7 1 0.235 2.1 -0.1925 2.175 -0.412062 0.7525 -0.365199 -1.53356
0.72 1 0 0.72 1 0.2776 2.16 -0.14688 2.388 -0.393269 1.13184 -0.392172 -1.15142
0.74 1 0 0.74 1 0.3214 2.22 -0.09694 2.607 -0.366587 1.54142 -0.410742 -0.692286
0.76 1 0 0.76 1 0.3664 2.28 -0.04256 2.832 -0.331405 1.98208 -0.419314 -0.150643
0.78 1 0 0.78 1 0.4126 2.34 0.01638 3.063 -0.287091 2.45466 -0.41618 0.479178
0.8 1 0 0.8 1 0.46 2.4 0.08 3.3 -0.233 2.96 -0.39952 1.203
0.82 1 0 0.82 1 0.5086 2.46 0.14842 3.543 -0.168467 3.49894 -0.367394 2.02679
0.84 1 0 0.84 1 0.5584 2.52 0.22176 3.792 -0.0928128 4.07232 -0.317741 2.95668
0.86 1 0 0.86 1 0.6094 2.58 0.30014 4.047 -0.0053393 4.68098 -0.248377 3.99895
0.88 1 0 0.88 1 0.6616 2.64 0.38368 4.308 0.0946672 5.32576 -0.156991 5.16
0.9 1 0 0.9 1 0.715 2.7 0.4725 4.575 0.207938 6.0075 -0.0411412 6.44644
0.92 1 0 0.92 1 0.7696 2.76 0.56672 4.848 0.335219 6.72704 0.101747 7.86497
0.94 1 0 0.94 1 0.8254 2.82 0.66646 5.127 0.477277 7.48522 0.274384 9.42249
0.96 1 0 0.96 1 0.8824 2.88 0.77184 5.412 0.634891 8.28288 0.47962 11.126
0.98 1 0 0.98 1 0.9406 2.94 0.88298 5.703 0.808861 9.12086 0.720446 12.9827
1 1 0 1 1 1 3 1 6 1 10 1 15
