0 1 0 20
0.628319 1 -0.628319 20
1.25664 0.605216 -1.25664 20
1.88496 -0.184353 -1.63691 20
2.51327 -1.21285 -1.52107 20
3.14159 -2.16857 -0.759017 20
3.76991 -2.64547 0.603535 20
4.39823 -2.26626 2.26574 20
5.02655 -0.842658 3.68967 20
5.65487 1.47563 4.21913 20
6.28319 4.12659 3.29196 20
6.9115 6.19499 0.699151 20
7.53982 6.63427 -3.19327 20
8.16814 4.62788 -7.36171 20
8.79646 0.00238261 -10.2695 20
9.42478 -6.45013 -10.271 20
10.0531 -12.9036 -6.21825 20
10.6814 -16.8106 1.88931 20
11.3097 -15.6235 12.4517 20
11.9381 -7.79989 22.2683 20
12.5664 6.1917 27.1691 20
