0 1 0 50
0.251327 1 -0.251327 50
0.502655 0.936835 -0.502655 50
0.753982 0.810504 -0.738107 50
1.00531 0.624997 -0.941809 50
1.25664 0.388295 -1.09889 50
1.50796 0.112114 -1.19648 50
1.75929 -0.188593 -1.22465 50
2.01062 -0.496382 -1.17726 50
2.26195 -0.792259 -1.0525 50
2.51327 -1.05678 -0.853385 50
2.7646 -1.27126 -0.587786 50
3.01593 -1.41899 -0.268284 50
3.26726 -1.48641 0.0883465 50
3.51858 -1.46421 0.461923 50
3.76991 -1.34812 0.829919 50
4.02124 -1.13953 1.16874 50
4.27257 -0.845799 1.45513 50
4.52389 -0.480084 1.66771 50
4.77522 -0.0609434 1.78837 50
5.02655 0.388522 1.80368 50
5.27788 0.841836 1.70604 50
5.5292 1.27061 1.49446 50
5.78053 1.64621 1.17512 50
6.03186 1.94155 0.761383 50
6.28319 2.1329 0.273418 50
6.53451 2.20162 -0.262639 50
6.78584 2.13561 -0.815967 50
7.03717 1.93054 -1.35271 50
7.28849 1.59057 -1.8379 50
7.53982 1.12865 -2.23766 50
7.79115 0.566267 -2.52132 50
8.04248 -0.0674087 -2.66364 50
8.2938 -0.736853 -2.64669 50
8.54513 -1.40204 -2.4615 50
8.79646 -2.02068 -2.10913 50
9.04779 -2.55077 -1.60128 50
9.29911 -2.95321 -0.960201 50
9.55044 -3.19454 -0.217978 50
9.80177 -3.24932 0.584896 50
10.0531 -3.10232 1.40154 50
10.3044 -2.75007 2.18124 50
10.5558 -2.20187 2.87241 50
10.8071 -1.47995 3.4258 50
11.0584 -0.618958 3.79775 50
11.3097 0.33552 3.95331 50
11.5611 1.3291 3.86898 50
11.8124 2.30148 3.53495 50
12.0637 3.18991 2.95652 50
12.315 3.93296 2.15481 50
12.5664 4.47452 1.16635 50
