0 1 0 200
0.0628319 1 -0.0628319 200
0.125664 0.996052 -0.125664 200
0.188496 0.988156 -0.188248 200
0.251327 0.976329 -0.250335 200
0.314159 0.9606 -0.31168 200
0.376991 0.941016 -0.372036 200
0.439823 0.91764 -0.431162 200
0.502655 0.89055 -0.488819 200
0.565487 0.859836 -0.544774 200
0.628319 0.825607 -0.598799 200
0.69115 0.787984 -0.650673 200
0.753982 0.747101 -0.700184 200
0.816814 0.703107 -0.747125 200
0.879646 0.656163 -0.791303 200
0.942478 0.606444 -0.832531 200
1.00531 0.554135 -0.870635 200
1.06814 0.499431 -0.905452 200
1.13097 0.44254 -0.936832 200
1.19381 0.383677 -0.964638 200
1.25664 0.323067 -0.988745 200
1.31947 0.260942 -1.00904 200
1.3823 0.197542 -1.02544 200
1.44513 0.133112 -1.03785 200
1.50796 0.0679019 -1.04622 200
1.5708 0.00216631 -1.05048 200
1.63363 -0.0638374 -1.05062 200
1.69646 -0.12985 -1.04661 200
1.75929 -0.19561 -1.03845 200
1.82212 -0.260858 -1.02616 200
1.88496 -0.325333 -1.00977 200
1.94779 -0.388778 -0.989326 200
2.01062 -0.45094 -0.964898 200
2.07345 -0.511566 -0.936565 200
2.13628 -0.570412 -0.904422 200
2.19911 -0.627239 -0.868582 200
2.26195 -0.681813 -0.829172 200
2.32478 -0.733912 -0.786332 200
2.38761 -0.783318 -0.740219 200
2.45044 -0.829828 -0.691002 200
2.51327 -0.873245 -0.638862 200
2.57611 -0.913386 -0.583995 200
2.63894 -0.950079 -0.526605 200
2.70177 -0.983167 -0.46691 200
2.7646 -1.0125 -0.405135 200
2.82743 -1.03796 -0.341518 200
2.89027 -1.05942 -0.276301 200
2.9531 -1.07678 -0.209736 200
3.01593 -1.08996 -0.14208 200
3.07876 -1.09888 -0.0735962 200
3.14159 -1.10351 -0.00455134 200
3.20442 -1.10379 0.0647841 200
3.26726 -1.09972 0.134137 200
3.33009 -1.09129 0.203235 200
3.39292 -1.07852 0.271803 200
3.45575 -1.06145 0.339569 200
3.51858 -1.04011 0.406261 200
3.58142 -1.01458 0.471614 200
3.64425 -0.984953 0.535362 200
3.70708 -0.951315 0.597248 200
3.76991 -0.913789 0.657021 200
3.83274 -0.872507 0.714436 200
3.89557 -0.827617 0.769257 200
3.95841 -0.779284 0.821258 200
4.02124 -0.727682 0.870222 200
4.08407 -0.673005 0.915943 200
4.1469 -0.615454 0.95823 200
4.20973 -0.555247 0.9969 200
4.27257 -0.49261 1.03179 200
4.3354 -0.427781 1.06274 200
4.39823 -0.361007 1.08962 200
4.46106 -0.292544 1.1123 200
4.52389 -0.222656 1.13068 200
4.58673 -0.151614 1.14467 200
4.64956 -0.0796919 1.1542 200
4.71239 -0.00717163 1.1592 200
4.77522 0.0656633 1.15965 200
4.83805 0.138527 1.15553 200
4.90088 0.211131 1.14682 200
4.96372 0.283188 1.13356 200
5.02655 0.354411 1.11577 200
5.08938 0.424517 1.0935 200
5.15221 0.493223 1.06682 200
5.21504 0.560254 1.03583 200
5.27788 0.625337 1.00063 200
5.34071 0.688209 0.961341 200
5.40354 0.748612 0.9181 200
5.46637 0.806298 0.871063 200
5.5292 0.861028 0.820402 200
5.59203 0.912576 0.766302 200
5.65487 0.960724 0.708963 200
5.7177 1.00527 0.648599 200
5.78053 1.04602 0.585436 200
5.84336 1.08281 0.519713 200
5.90619 1.11546 0.451678 200
5.96903 1.14384 0.381592 200
6.03186 1.16782 0.309722 200
6.09469 1.18728 0.236346 200
6.15752 1.20213 0.161747 200
6.22035 1.21229 0.0862153 200
6.28319 1.21771 0.0100449 200
6.34602 1.21834 -0.0664659 200
6.40885 1.21416 -0.143016 200
6.47168 1.20518 -0.219304 200
6.53451 1.1914 -0.295028 200
6.59734 1.17286 -0.369885 200
6.66018 1.14962 -0.443578 200
6.72301 1.12175 -0.515811 200
6.78584 1.08934 -0.586293 200
6.84867 1.0525 -0.654738 200
6.9115 1.01136 -0.720868 200
6.97434 0.966069 -0.784414 200
7.03717 0.916783 -0.845114 200
7.1 0.863683 -0.902717 200
7.16283 0.806963 -0.956984 200
7.22566 0.746834 -1.00769 200
7.28849 0.683519 -1.05461 200
7.35133 0.617256 -1.09756 200
7.41416 0.548294 -1.13634 200
7.47699 0.476896 -1.17079 200
7.53982 0.403333 -1.20076 200
7.60265 0.327887 -1.2261 200
7.66549 0.250849 -1.2467 200
7.72832 0.172517 -1.26246 200
7.79115 0.0931938 -1.2733 200
7.85398 0.0131899 -1.27916 200
7.91681 -0.0671819 -1.27999 200
7.97965 -0.147606 -1.27576 200
8.04248 -0.227764 -1.26649 200
8.10531 -0.30734 -1.25218 200
8.16814 -0.386017 -1.23287 200
8.23097 -0.463481 -1.20861 200
8.2938 -0.53942 -1.17949 200
8.35664 -0.61353 -1.1456 200
8.41947 -0.68551 -1.10705 200
8.4823 -0.755068 -1.06398 200
8.54513 -0.82192 -1.01654 200
8.60796 -0.885791 -0.964894 200
8.6708 -0.946417 -0.909238 200
8.73363 -1.00355 -0.849773 200
8.79646 -1.05694 -0.786718 200
8.85929 -1.10637 -0.720309 200
8.92212 -1.15163 -0.650794 200
8.98495 -1.19252 -0.578435 200
9.04779 -1.22886 -0.503507 200
9.11062 -1.2605 -0.426295 200
9.17345 -1.28728 -0.347096 200
9.23628 -1.30909 -0.266213 200
9.29911 -1.32582 -0.18396 200
9.36195 -1.33738 -0.100657 200
9.42478 -1.3437 -0.0166268 200
9.48761 -1.34475 0.0678005 200
9.55044 -1.34049 0.152293 200
9.61327 -1.33092 0.236519 200
9.67611 -1.31606 0.320143 200
9.73894 -1.29594 0.402833 200
9.80177 -1.27063 0.48426 200
9.8646 -1.2402 0.564096 200
9.92743 -1.20476 0.64202 200
9.99026 -1.16442 0.717717 200
10.0531 -1.11933 0.79088 200
10.1159 -1.06963 0.861209 200
10.1788 -1.01552 0.928417 200
10.2416 -0.957188 0.992224 200
10.3044 -0.894845 1.05237 200
10.3673 -0.828723 1.10859 200
10.4301 -0.759068 1.16066 200
10.4929 -0.686142 1.20835 200
10.5558 -0.610219 1.25147 200
10.6186 -0.531587 1.28981 200
10.6814 -0.450546 1.32321 200
10.7442 -0.367406 1.35152 200
10.8071 -0.282488 1.3746 200
10.8699 -0.196119 1.39235 200
10.9327 -0.108635 1.40467 200
10.9956 -0.020377 1.4115 200
11.0584 0.0683101 1.41278 200
11.1212 0.157078 1.40849 200
11.1841 0.245575 1.39862 200
11.2469 0.333453 1.38319 200
11.3097 0.420361 1.36224 200
11.3726 0.505953 1.33582 200
11.4354 0.589885 1.30403 200
11.4982 0.67182 1.26697 200
11.5611 0.751426 1.22476 200
11.6239 0.82838 1.17754 200
11.6867 0.902368 1.1255 200
11.7496 0.973085 1.0688 200
11.8124 1.04024 1.00766 200
11.8752 1.10355 0.942298 200
11.9381 1.16276 0.87296 200
12.0009 1.21761 0.799901 200
12.0637 1.26787 0.723397 200
12.1265 1.31332 0.643734 200
12.1894 1.35377 0.561216 200
12.2522 1.38903 0.476156 200
12.315 1.41895 0.388881 200
12.3779 1.44338 0.299726 200
12.4407 1.46221 0.209036 200
12.5035 1.47535 0.117162 200
12.5664 1.48271 0.0244634 200
