0 1 0 200
0.0628319 0.996068 -0.0625848 200
0.125664 0.988234 -0.124677 200
0.188496 0.976545 -0.186035 200
0.251327 0.961062 -0.246421 200
0.314159 0.941861 -0.3056 200
0.376991 0.919031 -0.363344 200
0.439823 0.892677 -0.419433 200
0.502655 0.862917 -0.473651 200
0.565487 0.82988 -0.525794 200
0.628319 0.79371 -0.575664 200
0.69115 0.754561 -0.623075 200
0.753982 0.712599 -0.667849 200
0.816814 0.668 -0.709821 200
0.879646 0.620949 -0.748836 200
0.942478 0.571641 -0.784753 200
1.00531 0.52028 -0.817443 200
1.06814 0.467075 -0.846791 200
1.13097 0.412242 -0.872692 200
1.19381 0.356003 -0.895061 200
1.25664 0.298586 -0.913821 200
1.31947 0.240221 -0.928915 200
1.3823 0.18114 -0.940296 200
1.44513 0.12158 -0.947935 200
1.50796 0.0617753 -0.951817 200
1.5708 0.0019631 -0.95194 200
1.63363 -0.0576216 -0.94832 200
1.69646 -0.116745 -0.940984 200
1.75929 -0.175178 -0.929978 200
1.82212 -0.232691 -0.915357 200
1.88496 -0.289064 -0.897195 200
1.94779 -0.344078 -0.875576 200
2.01062 -0.397522 -0.850599 200
2.07345 -0.449194 -0.822375 200
2.13628 -0.498896 -0.791029 200
2.19911 -0.54644 -0.756695 200
2.26195 -0.591649 -0.71952 200
2.32478 -0.634353 -0.679663 200
2.38761 -0.674395 -0.637289 200
2.45044 -0.711628 -0.592576 200
2.51327 -0.745916 -0.545709 200
2.57611 -0.777136 -0.49688 200
2.63894 -0.805177 -0.446289 200
2.70177 -0.829942 -0.394143 200
2.7646 -0.851346 -0.340651 200
2.82743 -0.869317 -0.28603 200
2.89027 -0.8838 -0.230499 200
2.9531 -0.89475 -0.174281 200
3.01593 -0.902139 -0.117597 200
3.07876 -0.905952 -0.0606749 200
3.14159 -0.906186 -0.0037375 200
3.20442 -0.902857 0.0529907 200
3.26726 -0.89599 0.109287 200
3.33009 -0.885627 0.164933 200
3.39292 -0.871822 0.219711 200
3.45575 -0.854643 0.27341 200
3.51858 -0.834171 0.325823 200
3.58142 -0.8105 0.376748 200
3.64425 -0.783734 0.425991 200
3.70708 -0.753991 0.473366 200
3.76991 -0.721401 0.518693 200
3.83274 -0.686102 0.561802 200
3.89557 -0.648244 0.602532 200
3.95841 -0.607985 0.640733 200
4.02124 -0.565494 0.676264 200
4.08407 -0.520947 0.708996 200
4.1469 -0.474526 0.738812 200
4.20973 -0.426421 0.765604 200
4.27257 -0.376829 0.789281 200
4.3354 -0.325951 0.809761 200
4.39823 -0.27399 0.826977 200
4.46106 -0.221157 0.840872 200
4.52389 -0.167661 0.851407 200
4.58673 -0.113717 0.858552 200
4.64956 -0.0595373 0.862293 200
4.71239 -0.00533681 0.862628 200
4.77522 0.0486716 0.85957 200
4.83805 0.102276 0.853144 200
4.90088 0.155268 0.843388 200
4.96372 0.20744 0.830354 200
5.02655 0.258592 0.814106 200
5.08938 0.308526 0.794721 200
5.15221 0.35705 0.772287 200
5.21504 0.40398 0.746904 200
5.27788 0.449136 0.718684 200
5.34071 0.492348 0.687749 200
5.40354 0.533455 0.654231 200
5.46637 0.572302 0.618272 200
5.5292 0.608746 0.580023 200
5.59203 0.642653 0.539644 200
5.65487 0.673899 0.497302 200
5.7177 0.702373 0.453171 200
5.78053 0.727973 0.407431 200
5.84336 0.750609 0.360269 200
5.90619 0.770205 0.311875 200
5.96903 0.786695 0.262446 200
6.03186 0.800026 0.212179 200
6.09469 0.810159 0.161275 200
6.15752 0.817067 0.109937 200
6.22035 0.820734 0.0583687 200
6.28319 0.82116 0.00677375 200
6.34602 0.818355 -0.044645 200
6.40885 0.812343 -0.095686 200
6.47168 0.80316 -0.14615 200
6.53451 0.790855 -0.195841 200
6.59734 0.775488 -0.244566 200
6.66018 0.757133 -0.292138 200
6.72301 0.735872 -0.338374 200
6.78584 0.711801 -0.383098 200
6.84867 0.685026 -0.42614 200
6.9115 0.655662 -0.467336 200
6.97434 0.623836 -0.506533 200
7.03717 0.589682 -0.543584 200
7.1 0.553343 -0.578351 200
7.16283 0.514971 -0.610708 200
7.22566 0.474725 -0.640536 200
7.28849 0.43277 -0.667727 200
7.35133 0.389279 -0.692187 200
7.41416 0.344428 -0.713828 200
7.47699 0.298399 -0.732576 200
7.53982 0.251377 -0.748371 200
7.60265 0.203552 -0.761161 200
7.66549 0.155114 -0.770907 200
7.72832 0.106257 -0.777583 200
7.79115 0.0571747 -0.781175 200
7.85398 0.00806022 -0.781682 200
7.91681 -0.0408929 -0.779112 200
7.97965 -0.0894926 -0.773489 200
8.04248 -0.137549 -0.764847 200
8.10531 -0.184876 -0.753231 200
8.16814 -0.23129 -0.738698 200
8.23097 -0.276612 -0.721318 200
8.2938 -0.320668 -0.70117 200
8.35664 -0.363289 -0.678344 200
8.41947 -0.404315 -0.65294 200
8.4823 -0.443589 -0.625069 200
8.54513 -0.480964 -0.594849 200
8.60796 -0.516302 -0.562409 200
8.6708 -0.54947 -0.527885 200
8.73363 -0.580346 -0.49142 200
8.79646 -0.60882 -0.453167 200
8.85929 -0.634787 -0.413282 200
8.92212 -0.658156 -0.371929 200
8.98495 -0.678845 -0.329276 200
9.04779 -0.696783 -0.285496 200
9.11062 -0.711911 -0.240765 200
9.17345 -0.72418 -0.195263 200
9.23628 -0.733553 -0.149173 200
9.29911 -0.740004 -0.102677 200
9.36195 -0.74352 -0.0559605 200
9.42478 -0.744099 -0.00920736 200
9.48761 -0.741749 0.0373981 200
9.55044 -0.736491 0.0836732 200
9.61327 -0.728359 0.129437 200
9.67611 -0.717394 0.174513 200
9.73894 -0.703651 0.218724 200
9.80177 -0.687195 0.261902 200
9.8646 -0.668102 0.30388 200
9.92743 -0.646456 0.344498 200
9.99026 -0.622354 0.383602 200
10.0531 -0.595899 0.421043 200
10.1159 -0.567205 0.456682 200
10.1788 -0.536393 0.490384 200
10.2416 -0.503593 0.522026 200
10.3044 -0.468942 0.55149 200
10.3673 -0.432583 0.57867 200
10.4301 -0.394666 0.603468 200
10.4929 -0.355346 0.625795 200
10.5558 -0.314784 0.645574 200
10.6186 -0.273143 0.662736 200
10.6814 -0.230591 0.677224 200
10.7442 -0.187301 0.688993 200
10.8071 -0.143444 0.698005 200
10.8699 -0.0991953 0.704238 200
10.9327 -0.0547306 0.707677 200
10.9956 -0.0102256 0.708319 200
11.0584 0.0341446 0.706174 200
11.1212 0.0782061 0.70126 200
11.1841 0.121787 0.693608 200
11.2469 0.164717 0.683259 200
11.3097 0.206831 0.670263 200
11.3726 0.247966 0.654683 200
11.4354 0.287964 0.636589 200
11.4982 0.326673 0.616064 200
11.5611 0.363944 0.593197 200
11.6239 0.399638 0.568087 200
11.6867 0.43362 0.540842 200
11.7496 0.465764 0.511577 200
11.8124 0.495949 0.480415 200
11.8752 0.524065 0.447487 200
11.9381 0.55001 0.412929 200
12.0009 0.573691 0.376883 200
12.0637 0.595022 0.339497 200
12.1265 0.613929 0.300923 200
12.1894 0.630348 0.261317 200
12.2522 0.644224 0.220839 200
12.315 0.655512 0.179652 200
12.3779 0.664178 0.13792 200
12.4407 0.670198 0.0958104 200
12.5035 0.673559 0.0534895 200
12.5664 0.674258 0.0111247 200
