0 1 0 100
0.125664 0.984454 -0.12371 100
0.251327 0.953846 -0.243574 100
0.376991 0.908885 -0.357788 100
0.502655 0.850493 -0.464664 100
0.628319 0.779788 -0.562655 100
0.753982 0.698059 -0.650376 100
0.879646 0.606749 -0.726622 100
1.00531 0.507426 -0.790387 100
1.13097 0.401759 -0.840874 100
1.25664 0.291489 -0.877503 100
1.3823 0.178401 -0.899922 100
1.50796 0.0642984 -0.908002 100
1.63363 -0.0490302 -0.901841 100
1.75929 -0.159835 -0.881755 100
1.88496 -0.266432 -0.848274 100
2.01062 -0.36723 -0.802127 100
2.13628 -0.460753 -0.744227 100
2.26195 -0.545658 -0.675657 100
2.38761 -0.620761 -0.59765 100
2.51327 -0.685046 -0.511565 100
2.63894 -0.737682 -0.418865 100
2.7646 -0.778032 -0.321094 100
2.89027 -0.80566 -0.219852 100
3.01593 -0.820333 -0.116766 100
3.14159 -0.822025 -0.0134674 100
3.26726 -0.810912 0.0884348 100
3.39292 -0.787366 0.187378 100
3.51858 -0.751945 0.28187 100
3.64425 -0.705385 0.370512 100
3.76991 -0.648583 0.452015 100
3.89557 -0.582582 0.525224 100
4.02124 -0.508549 0.589131 100
4.1469 -0.427762 0.642885 100
4.27257 -0.341581 0.685809 100
4.39823 -0.251429 0.717404 100
4.52389 -0.15877 0.737356 100
4.64956 -0.0650834 0.745535 100
4.77522 0.0281586 0.741996 100
4.90088 0.119513 0.726978 100
5.02655 0.20759 0.700891 100
5.15221 0.29107 0.664314 100
5.27788 0.368728 0.617979 100
5.40354 0.439446 0.562756 100
5.5292 0.502233 0.499644 100
5.65487 0.556236 0.429745 100
5.78053 0.600753 0.354252 100
5.90619 0.635238 0.274426 100
6.03186 0.659312 0.191574 100
6.15752 0.672762 0.107033 100
6.28319 0.675544 0.0221411 100
6.40885 0.667782 -0.0617748 100
6.53451 0.649758 -0.143426 100
6.66018 0.621914 -0.221578 100
6.78584 0.584834 -0.29507 100
6.9115 0.539239 -0.362833 100
7.03717 0.48597 -0.423902 100
7.16283 0.425974 -0.477431 100
7.28849 0.360289 -0.522707 100
7.41416 0.290024 -0.559152 100
7.53982 0.216343 -0.586339 100
7.66549 0.140443 -0.603987 100
7.79115 0.0635406 -0.611972 100
7.91681 -0.0131543 -0.610319 100
8.04248 -0.0884525 -0.599204 100
8.16814 -0.161205 -0.578946 100
8.2938 -0.23032 -0.550003 100
8.41947 -0.294781 -0.51296 100
8.54513 -0.353657 -0.468518 100
8.6708 -0.406119 -0.417484 100
8.79646 -0.451453 -0.360752 100
8.92212 -0.489063 -0.299295 100
9.04779 -0.518486 -0.23414 100
9.17345 -0.539391 -0.166358 100
9.29911 -0.551586 -0.0970438 100
9.42478 -0.555017 -0.0272984 100
9.55044 -0.549765 0.0417872 100
9.67611 -0.536049 0.109149 100
9.80177 -0.514213 0.173767 100
9.92743 -0.484722 0.234679 100
10.0531 -0.448155 0.290996 100
10.1788 -0.405189 0.341913 100
10.3044 -0.356592 0.386724 100
10.4301 -0.303206 0.424826 100
10.5558 -0.245937 0.455731 100
10.6814 -0.185736 0.479072 100
10.8071 -0.123582 0.494601 100
10.9327 -0.0604737 0.502201 100
11.0584 0.00259377 0.501875 100
11.1841 0.0646405 0.493752 100
11.3097 0.124718 0.478079 100
11.4354 0.181922 0.455218 100
11.5611 0.235409 0.425636 100
11.6867 0.284405 0.389897 100
11.8124 0.328218 0.348652 100
11.9381 0.366247 0.302628 100
12.0637 0.397992 0.252614 100
12.1894 0.423055 0.199452 100
12.315 0.441153 0.144015 100
12.4407 0.452111 0.0872009 100
12.5664 0.45587 0.0299146 100
