0 1 0 20
0.628319 0.716957 -0.450477 20
1.25664 0.311097 -0.645945 20
1.88496 -0.0679404 -0.603257 20
2.51327 -0.320464 -0.401904 20
3.14159 -0.410807 -0.143786 20
3.76991 -0.359303 0.0819711 20
4.39823 -0.220679 0.220628 20
5.02655 -0.0588295 0.257591 20
5.65487 0.0738609 0.211183 20
6.28319 0.148088 0.118137 20
6.9115 0.159391 0.0179885 20
7.53982 0.12238 -0.058905 20
8.16814 0.0612056 -0.0973616 20
8.79646 2.2592e-05 -0.0973758 20
9.42478 -0.0438494 -0.0698244 20
10.0531 -0.0628924 -0.0303079 20
10.6814 -0.0587442 0.00660212 20
11.3097 -0.0391429 0.0311963 20
11.9381 -0.0140105 0.0399994 20
12.5664 0.00797388 0.0349893 20
