0 1 0 50
0.251327 0.940587 -0.236395 50
0.502655 0.828822 -0.444701 50
0.753982 0.674454 -0.61421 50
1.00531 0.489187 -0.737156 50
1.25664 0.285862 -0.809001 50
1.50796 0.0776346 -0.828513 50
1.75929 -0.122834 -0.797641 50
2.01062 -0.304095 -0.721213 50
2.26195 -0.45652 -0.606478 50
2.51327 -0.572765 -0.462526 50
2.7646 -0.648075 -0.299647 50
3.01593 -0.680406 -0.128642 50
3.26726 -0.670392 0.0398454 50
3.51858 -0.621143 0.195956 50
3.76991 -0.537916 0.331149 50
4.02124 -0.427675 0.438635 50
4.27257 -0.298574 0.513675 50
4.52389 -0.159405 0.553738 50
4.77522 -0.0190331 0.558521 50
5.02655 0.11413 0.529837 50
5.27788 0.2326 0.471379 50
5.5292 0.330212 0.388387 50
5.78053 0.402407 0.287252 50
6.03186 0.446403 0.175058 50
6.28319 0.461264 0.0591298 50
6.53451 0.447837 -0.0534241 50
6.78584 0.408601 -0.156117 50
7.03717 0.34742 -0.243433 50
7.28849 0.269232 -0.311098 50
7.53982 0.179694 -0.35626 50
7.79115 0.0847998 -0.377573 50
8.04248 -0.00949485 -0.375186 50
8.2938 -0.0976231 -0.350651 50
8.54513 -0.174715 -0.30674 50
8.79646 -0.236847 -0.247214 50
9.04779 -0.281216 -0.176537 50
9.29911 -0.30624 -0.0995704 50
9.55044 -0.311584 -0.0212608 50
9.80177 -0.298098 0.0536593 50
10.0531 -0.267702 0.12094 50
10.3044 -0.223208 0.177038 50
10.5558 -0.168095 0.219285 50
10.8071 -0.10627 0.245994 50
11.0584 -0.0418045 0.256501 50
11.3097 0.0213147 0.251144 50
11.5611 0.0794175 0.231184 50
11.8124 0.12935 0.198675 50
12.0637 0.168631 0.156293 50
12.315 0.195559 0.107144 50
12.5664 0.209268 0.0545489 50
