0 1 0 100
0.125664 0.992104 -0.125664 100
0.251327 0.96848 -0.249343 100
0.376991 0.929499 -0.369077 100
0.502655 0.875781 -0.482967 100
0.628319 0.808174 -0.589208 100
0.753982 0.727751 -0.686114 100
0.879646 0.635786 -0.772148 100
1.00531 0.533735 -0.845947 100
1.13097 0.423216 -0.906339 100
1.25664 0.30598 -0.952365 100
1.3823 0.183887 -0.983296 100
1.50796 0.05887 -0.99864 100
1.63363 -0.0670877 -0.998153 100
1.75929 -0.19199 -0.981842 100
1.88496 -0.313856 -0.949963 100
2.01062 -0.430753 -0.903022 100
2.13628 -0.540829 -0.841762 100
2.26195 -0.642338 -0.767153 100
2.38761 -0.73367 -0.680378 100
2.51327 -0.813376 -0.58281 100
2.63894 -0.880192 -0.475996 100
2.7646 -0.933057 -0.36163 100
2.89027 -0.971134 -0.241523 100
3.01593 -0.993817 -0.11758 100
3.14159 -1.00075 0.00823527 100
3.26726 -0.991809 0.133928 100
3.39292 -0.967148 0.257505 100
3.51858 -0.927153 0.377007 100
3.64425 -0.872456 0.49054 100
3.76991 -0.803925 0.596303 100
3.89557 -0.722644 0.692619 100
4.02124 -0.629901 0.77796 100
4.1469 -0.527166 0.850973 100
4.27257 -0.416067 0.9105 100
4.39823 -0.298365 0.955595 100
4.52389 -0.175926 0.985544 100
4.64956 -0.0506898 0.99987 100
4.77522 0.0753578 0.998345 100
4.90088 0.200219 0.980993 100
5.02655 0.321913 0.948087 100
5.15221 0.438511 0.900148 100
5.27788 0.548165 0.837936 100
5.40354 0.649135 0.762436 100
5.5292 0.73982 0.674843 100
5.65487 0.818782 0.576546 100
5.78053 0.884768 0.469103 100
5.90619 0.936731 0.354216 100
6.03186 0.973847 0.233706 100
6.15752 0.995526 0.109483 100
6.28319 1.00142 -0.0164828 100
6.40885 0.991446 -0.142195 100
6.53451 0.965749 -0.265661 100
6.66018 0.92474 -0.384923 100
6.78584 0.869067 -0.49809 100
6.9115 0.799614 -0.603368 100
7.03717 0.717479 -0.699086 100
7.16283 0.623964 -0.783727 100
7.28849 0.520551 -0.855949 100
7.41416 0.408879 -0.914605 100
7.53982 0.290718 -0.958765 100
7.66549 0.167941 -0.987728 100
7.79115 0.0424934 -1.00103 100
7.91681 -0.0836356 -0.998469 100
8.04248 -0.208447 -0.980075 100
8.16814 -0.329961 -0.946143 100
8.2938 -0.446251 -0.897208 100
8.41947 -0.555474 -0.834047 100
8.54513 -0.655898 -0.757658 100
8.6708 -0.745929 -0.669254 100
8.79646 -0.82414 -0.570233 100
8.92212 -0.889291 -0.462166 100
9.04779 -0.940347 -0.346765 100
9.17345 -0.976498 -0.22586 100
9.29911 -0.99717 -0.101366 100
9.42478 -1.00204 0.0247421 100
9.55044 -0.991014 0.150466 100
9.67611 -0.964281 0.273813 100
9.80177 -0.922259 0.392826 100
9.92743 -0.865613 0.505619 100
10.0531 -0.795241 0.610403 100
10.1788 -0.712256 0.705516 100
10.3044 -0.617975 0.78945 100
10.4301 -0.51389 0.860874 100
10.5558 -0.401652 0.918654 100
10.6814 -0.283039 0.961874 100
10.8071 -0.159932 0.989847 100
10.9327 -0.0342813 1.00213 100
11.0584 0.0919207 0.998525 100
11.1841 0.216673 0.97909 100
11.3097 0.337998 0.944131 100
11.4354 0.453973 0.894202 100
11.5611 0.562757 0.830094 100
11.6867 0.662626 0.752822 100
11.8124 0.751997 0.66361 100
11.9381 0.829451 0.563871 100
12.0637 0.89376 0.455187 100
12.1894 0.943904 0.33928 100
12.315 0.979086 0.217987 100
12.4407 0.998749 0.09323 100
12.5664 1.00258 -0.0330126 100
