0 1 0 50
0.251327 0.968417 -0.251327 50
0.502655 0.874667 -0.48678 50
0.753982 0.724701 -0.691233 50
1.00531 0.528087 -0.85154 50
1.25664 0.297393 -0.957368 50
1.50796 0.047388 -1.00188 50
1.75929 -0.205907 -0.982143 50
2.01062 -0.446244 -0.899374 50
2.26195 -0.658188 -0.758816 50
2.51327 -0.828112 -0.56943 50
2.7646 -0.945071 -0.343319 50
3.01593 -1.00151 -0.0949538 50
3.26726 -0.993743 0.159752 50
3.51858 -0.922208 0.404461 50
3.76991 -0.79143 0.623463 50
4.02124 -0.609741 0.80268 50
4.27257 -0.388748 0.930574 50
4.52389 -0.142591 0.998887 50
4.77522 0.11296 1.00318 50
5.02655 0.361518 0.943104 50
5.27788 0.587128 0.822458 50
5.5292 0.775291 0.648922 50
5.78053 0.913897 0.433575 50
6.03186 0.994003 0.190194 50
6.28319 1.01041 -0.0656331 50
6.53451 0.962004 -0.317504 50
6.78584 0.851824 -0.549254 50
7.03717 0.686878 -0.745994 50
7.28849 0.477696 -0.895065 50
7.53982 0.237654 -0.986854 50
7.79115 -0.0178748 -1.01542 50
8.04248 -0.272512 -0.978854 50
8.2938 -0.509918 -0.879449 50
8.54513 -0.714843 -0.723517 50
8.79646 -0.874106 -0.521007 50
9.04779 -0.977443 -0.284865 50
9.29911 -1.01817 -0.0302102 50
9.55044 -0.993603 0.226637 50
9.80177 -0.905262 0.469199 50
10.0531 -0.758749 0.681898 50
10.3044 -0.563406 0.851056 50
10.5558 -0.331719 0.965777 50
10.8071 -0.0785158 1.01864 50
11.0584 0.179977 1.00621 50
11.3097 0.42718 0.929194 50
11.5611 0.647221 0.792486 50
11.8124 0.825953 0.604793 50
12.0637 0.951868 0.378107 50
12.315 1.01683 0.126935 50
12.5664 1.01662 -0.132633 50
