0 1 0 20
0.628319 0.802608 -0.628319 20
1.25664 0.249395 -1.00859 20
1.88496 -0.433547 -0.966199 20
2.51327 -0.955049 -0.503074 20
3.14159 -1.08262 0.196304 20
3.76991 -0.745578 0.837786 20
4.39823 -0.0720105 1.14087 20
5.02655 0.659036 0.96092 20
5.65487 1.13271 0.357158 20
6.28319 1.13353 -0.425046 20
6.9115 0.642717 -1.05336 20
7.53982 -0.145999 -1.24927 20
8.16814 -0.902119 -0.91094 20
8.79646 -1.29641 -0.16431 20
9.42478 -1.14375 0.682681 20
10.0531 -0.489039 1.26656 20
10.6814 0.403298 1.32383 20
11.3097 1.15547 0.809113 20
11.9381 1.43577 -0.0766056 20
12.5664 1.10423 -0.963608 20
