0 1 0 200
0.0628319 0.998026 -0.0628319 200
0.125664 0.992108 -0.125416 200
0.188496 0.98227 -0.187504 200
0.251327 0.96855 -0.248852 200
0.314159 0.951002 -0.309216 200
0.376991 0.929696 -0.368359 200
0.439823 0.904716 -0.426047 200
0.502655 0.876161 -0.482051 200
0.565487 0.844144 -0.53615 200
0.628319 0.80879 -0.588131 200
0.69115 0.77024 -0.637788 200
0.753982 0.728646 -0.684924 200
0.816814 0.684173 -0.729354 200
0.879646 0.636996 -0.770903 200
0.942478 0.587301 -0.809405 200
1.00531 0.535286 -0.844708 200
1.06814 0.481154 -0.876674 200
1.13097 0.425122 -0.905175 200
1.19381 0.367409 -0.930099 200
1.25664 0.308243 -0.951348 200
1.31947 0.24786 -0.968838 200
1.3823 0.186497 -0.982499 200
1.44513 0.124397 -0.992278 200
1.50796 0.0618043 -0.998135 200
1.5708 -0.00103237 -1.00005 200
1.63363 -0.0638652 -0.998009 200
1.69646 -0.126446 -0.992027 200
1.75929 -0.188527 -0.982124 200
1.82212 -0.249864 -0.968339 200
1.88496 -0.310213 -0.950729 200
1.94779 -0.369337 -0.929361 200
2.01062 -0.427001 -0.90432 200
2.07345 -0.482978 -0.875706 200
2.13628 -0.537047 -0.843631 200
2.19911 -0.588994 -0.808222 200
2.26195 -0.638613 -0.769619 200
2.32478 -0.685709 -0.727974 200
2.38761 -0.730096 -0.683453 200
2.45044 -0.771597 -0.636231 200
2.51327 -0.81005 -0.586494 200
2.57611 -0.845301 -0.534439 200
2.63894 -0.877213 -0.480272 200
2.70177 -0.905657 -0.424208 200
2.7646 -0.930524 -0.366466 200
2.82743 -0.951713 -0.307276 200
2.89027 -0.969141 -0.246872 200
2.9531 -0.982739 -0.185492 200
3.01593 -0.992454 -0.123378 200
3.07876 -0.998247 -0.0607768 200
3.14159 -1.0001 0.00206483 200
3.20442 -0.997991 0.0648986 200
3.26726 -0.991944 0.127476 200
3.33009 -0.981976 0.18955 200
3.39292 -0.968128 0.250875 200
3.45575 -0.950454 0.311209 200
3.51858 -0.929024 0.370314 200
3.58142 -0.903923 0.427955 200
3.64425 -0.875249 0.483906 200
3.70708 -0.843117 0.537944 200
3.76991 -0.807653 0.589857 200
3.83274 -0.768997 0.639439 200
3.89557 -0.727302 0.686494 200
3.95841 -0.682732 0.730837 200
4.02124 -0.635465 0.772291 200
4.08407 -0.585686 0.810694 200
4.1469 -0.533592 0.845894 200
4.20973 -0.47939 0.877751 200
4.27257 -0.423293 0.906139 200
4.3354 -0.365523 0.930947 200
4.39823 -0.306308 0.952076 200
4.46106 -0.245883 0.969442 200
4.52389 -0.184486 0.982978 200
4.58673 -0.122359 0.992629 200
4.64956 -0.0597492 0.998358 200
4.71239 0.0030974 1.00014 200
4.77522 0.065932 0.997973 200
4.83805 0.128506 0.99186 200
4.90088 0.190573 0.981828 200
4.96372 0.251887 0.967916 200
5.02655 0.312206 0.950179 200
5.08938 0.371291 0.928687 200
5.15221 0.428909 0.903525 200
5.21504 0.484833 0.874792 200
5.27788 0.53884 0.842602 200
5.34071 0.590719 0.807083 200
5.40354 0.640263 0.768374 200
5.46637 0.687278 0.726628 200
5.5292 0.731577 0.682011 200
5.59203 0.772985 0.634698 200
5.65487 0.811338 0.584877 200
5.7177 0.846485 0.532745 200
5.78053 0.878288 0.478507 200
5.84336 0.90662 0.422378 200
5.90619 0.931369 0.36458 200
5.96903 0.952438 0.30534 200
6.03186 0.969743 0.244894 200
6.09469 0.983216 0.18348 200
6.15752 0.992803 0.121341 200
6.22035 0.998468 0.0587214 200
6.28319 1.00019 -0.00413006 200
6.34602 0.997953 -0.0669655 200
6.40885 0.991775 -0.129536 200
6.47168 0.981678 -0.191596 200
6.53451 0.967702 -0.252898 200
6.59734 0.949902 -0.313202 200
6.66018 0.928348 -0.372268 200
6.72301 0.903125 -0.429863 200
6.78584 0.874333 -0.485759 200
6.84867 0.842086 -0.539736 200
6.9115 0.806512 -0.591581 200
6.97434 0.76775 -0.641088 200
7.03717 0.725953 -0.688061 200
7.1 0.681288 -0.732316 200
7.16283 0.633931 -0.773677 200
7.22566 0.584068 -0.811981 200
7.28849 0.531897 -0.847076 200
7.35133 0.477623 -0.878824 200
7.41416 0.421462 -0.907099 200
7.47699 0.363636 -0.93179 200
7.53982 0.304372 -0.952799 200
7.60265 0.243905 -0.970042 200
7.66549 0.182474 -0.983452 200
7.72832 0.120322 -0.992976 200
7.79115 0.0576935 -0.998576 200
7.85398 -0.00516282 -1.00023 200
7.91681 -0.0679989 -0.997931 200
7.97965 -0.130567 -0.991689 200
8.04248 -0.192619 -0.981528 200
8.10531 -0.25391 -0.967488 200
8.16814 -0.314197 -0.949624 200
8.23097 -0.373244 -0.928008 200
8.2938 -0.430816 -0.902725 200
8.35664 -0.486685 -0.873874 200
8.41947 -0.540632 -0.84157 200
8.4823 -0.592442 -0.80594 200
8.54513 -0.641911 -0.767125 200
8.60796 -0.688844 -0.725278 200
8.6708 -0.733055 -0.680565 200
8.73363 -0.774369 -0.633162 200
8.79646 -0.812623 -0.583258 200
8.85929 -0.847666 -0.531048 200
8.92212 -0.87936 -0.476739 200
8.98495 -0.907578 -0.420546 200
9.04779 -0.93221 -0.362691 200
9.11062 -0.953159 -0.303403 200
9.17345 -0.970341 -0.242915 200
9.23628 -0.983688 -0.181467 200
9.29911 -0.993148 -0.119302 200
9.36195 -0.998684 -0.0566653 200
9.42478 -1.00027 0.00619567 200
9.48761 -0.997909 0.0690325 200
9.55044 -0.991602 0.131597 200
9.61327 -0.981376 0.193641 200
9.67611 -0.967272 0.254921 200
9.73894 -0.949346 0.315193 200
9.80177 -0.927668 0.37422 200
9.8646 -0.902324 0.431768 200
9.92743 -0.873414 0.487611 200
9.99026 -0.841052 0.541526 200
10.0531 -0.805367 0.593302 200
10.1159 -0.766499 0.642734 200
10.1788 -0.724602 0.689626 200
10.2416 -0.679841 0.733793 200
10.3044 -0.632394 0.77506 200
10.3673 -0.582447 0.813264 200
10.4301 -0.530198 0.848255 200
10.4929 -0.475854 0.879894 200
10.5558 -0.419629 0.908056 200
10.6186 -0.361746 0.93263 200
10.6814 -0.302433 0.953518 200
10.7442 -0.241925 0.970638 200
10.8071 -0.180461 0.983923 200
10.8699 -0.118283 0.993319 200
10.9327 -0.0556371 0.998791 200
10.9956 0.00722862 1.00031 200
11.0584 0.070066 0.997886 200
11.1212 0.132627 0.991514 200
11.1841 0.194664 0.981224 200
11.2469 0.255931 0.967056 200
11.3097 0.316188 0.949066 200
11.3726 0.375196 0.927326 200
11.4354 0.432721 0.901921 200
11.4982 0.488536 0.872952 200
11.5611 0.542421 0.840534 200
11.6239 0.594162 0.804793 200
11.6867 0.643556 0.765872 200
11.7496 0.690407 0.723925 200
11.8124 0.73453 0.679116 200
11.8752 0.77575 0.631624 200
11.9381 0.813905 0.581635 200
12.0009 0.848843 0.529348 200
12.0637 0.880428 0.474969 200
12.1265 0.908533 0.418712 200
12.1894 0.933048 0.360801 200
12.2522 0.953876 0.301464 200
12.315 0.970935 0.240935 200
12.3779 0.984157 0.179453 200
12.4407 0.993489 0.117263 200
12.5035 0.998896 0.0546086 200
12.5664 1.00036 -0.00826166 200
